0.126953
0.224609
0.227051
0.229492
0.229492
0.229492
0.231934
0.234375
0.234375
0.236816
0.236816
0.234375
0.234375
0.236816
0.234375
0.234375
0.239258
0.234375
0.231934
0.239258
0.239258
0.239258
0.234375
0.236816
0.236816
0.239258
0.239258
0.236816
0.236816
0.236816
0.241699
0.241699
0.241699
0.239258
0.244141
0.244141
0.244141
0.236816
0.244141
0.241699
0.241699
0.244141
0.241699
0.241699
0.244141
0.246582
0.241699
0.241699
0.246582
0.246582
0.244141
0.246582
0.244141
0.244141
0.249023
0.249023
0.246582
0.253906
0.251465
0.251465
0.249023
0.249023
0.249023
0.249023
0.253906
0.249023
0.253906
0.249023
0.246582
0.249023
0.251465
0.249023
0.249023
0.253906
0.253906
0.249023
0.251465
0.251465
0.256348
0.256348
0.249023
0.251465
0.253906
0.253906
0.258789
0.253906
0.253906
0.258789
0.253906
0.251465
0.258789
0.256348
0.253906
0.251465
0.253906
0.251465
0.253906
0.256348
0.256348
0.256348
0.253906
0.256348
0.256348
0.256348
0.253906
0.256348
0.263672
0.258789
0.256348
0.26123
0.26123
0.266113
0.266113
0.266113
0.26123
0.268555
0.266113
0.273437
0.268555
0.270996
0.273437
0.275879
0.273437
0.275879
0.270996
0.275879
0.275879
0.275879
0.27832
0.27832
0.27832
0.283203
0.27832
0.280762
0.283203
0.288086
0.285645
0.288086
0.288086
0.285645
0.283203
0.29541
0.288086
0.290527
0.292969
0.290527
0.290527
0.292969
0.297852
0.29541
0.290527
0.292969
0.29541
0.300293
0.300293
0.297852
0.297852
0.300293
0.305176
0.302734
0.302734
0.297852
0.305176
0.307617
0.307617
0.310059
0.310059
0.305176
0.307617
0.310059
0.3125
0.310059
0.307617
0.3125
0.3125
0.307617
0.3125
0.317383
0.322266
0.314941
0.314941
0.314941
0.319824
0.319824
0.317383
0.319824
0.317383
0.319824
0.314941
0.319824
0.314941
0.322266
0.317383
0.319824
0.324707
0.322266
0.322266
0.317383
0.324707
0.319824
0.322266
0.322266
0.319824
0.319824
0.317383
0.319824
0.3125
0.3125
0.314941
0.310059
0.3125
0.3125
0.310059
0.3125
0.310059
0.310059
0.307617
0.307617
0.310059
0.307617
0.307617
0.3125
0.317383
0.314941
0.3125
0.319824
0.324707
0.324707
0.32959
0.336914
0.341797
0.34668
0.34668
0.354004
0.358887
0.361328
0.368652
0.378418
0.375977
0.383301
0.390625
0.405273
0.412598
0.427246
0.444336
0.471191
0.480957
0.500488
0.515137
0.539551
0.556641
0.571289
0.578613
0.593262
0.605469
0.610352
0.615234
0.625
0.629883
0.634766
0.651855
0.671387
0.686035
0.690918
0.703125
0.715332
0.712891
0.703125
0.698242
0.698242
0.681152
0.651855
0.60791
0.57373
0.559082
0.546875
0.532227
0.507812
0.46875
0.441895
0.43457
0.427246
0.424805
0.427246
0.429687
0.419922
0.412598
0.412598
0.407715
0.407715
0.402832
0.405273
0.402832
0.397949
0.393066
0.390625
0.385742
0.380859
0.388184
0.378418
0.378418
0.375977
0.368652
0.366211
0.361328
0.361328
0.36377
0.358887
0.354004
0.349121
0.349121
0.336914
0.334473
0.344238
0.334473
0.334473
0.332031
0.327148
0.319824
0.319824
0.3125
0.3125
0.319824
0.3125
0.3125
0.310059
0.3125
0.310059
0.305176
0.3125
0.319824
0.319824
0.3125
0.314941
0.317383
0.3125
0.317383
0.324707
0.324707
0.327148
0.32959
0.327148
0.32959
0.334473
0.332031
0.332031
0.336914
0.339355
0.351562
0.34668
0.341797
0.351562
0.341797
0.34668
0.349121
0.351562
0.351562
0.358887
0.356445
0.34668
0.351562
0.349121
0.354004
0.356445
0.354004
0.358887
0.361328
0.358887
0.356445
0.354004
0.354004
0.351562
0.351562
0.354004
0.361328
0.358887
0.351562
0.351562
0.349121
0.351562
0.349121
0.349121
0.349121
0.34668
0.34668
0.341797
0.344238
0.341797
0.334473
0.334473
0.334473
0.32959
0.332031
0.332031
0.324707
0.327148
0.319824
0.317383
0.324707
0.317383
0.314941
0.317383
0.314941
0.307617
0.305176
0.305176
0.302734
0.302734
0.300293
0.305176
0.307617
0.305176
0.300293
0.300293
0.29541
0.297852
0.297852
0.297852
0.29541
0.302734
0.307617
0.3125
0.305176
0.29541
0.297852
0.29541
0.297852
0.300293
0.305176
0.310059
0.317383
0.32959
0.339355
0.332031
0.3125
0.310059
0.3125
0.3125
0.3125
0.319824
0.319824
0.32959
0.34668
0.361328
0.34668
0.32959
0.327148
0.322266
0.327148
0.322266
0.324707
0.327148
0.32959
0.344238
0.358887
0.366211
0.354004
0.332031
0.324707
0.327148
0.324707
0.324707
0.327148
0.327148
0.327148
0.334473
0.349121
0.373535
0.378418
0.349121
0.322266
0.324707
0.319824
0.317383
0.314941
0.314941
0.3125
0.314941
0.314941
0.32959
0.344238
0.361328
0.351562
0.322266
0.307617
0.302734
0.302734
0.305176
0.300293
0.305176
0.302734
0.300293
0.307617
0.305176
0.324707
0.344238
0.34668
0.334473
0.307617
0.307617
0.307617
0.310059
0.307617
0.3125
0.317383
0.319824
0.314941
0.310059
0.322266
0.32959
0.34668
0.358887
0.371094
0.356445
0.332031
0.32959
0.327148
0.32959
0.341797
0.349121
0.344238
0.354004
0.354004
0.339355
0.332031
0.334473
0.336914
0.349121
0.356445
0.375977
0.375977
0.358887
0.341797
0.341797
0.34668
0.351562
0.36377
0.383301
0.397949
0.419922
0.412598
0.395508
0.366211
0.349121
0.341797
0.341797
0.339355
0.341797
0.351562
0.361328
0.361328
0.361328
0.349121
0.34668
0.358887
0.371094
0.390625
0.43457
0.493164
0.57373
0.649414
0.654297
0.571289
0.461426
0.402832
0.375977
0.371094
0.36377
0.358887
0.361328
0.36377
0.366211
0.378418
0.385742
0.393066
0.397949
0.390625
0.397949
0.407715
0.429687
0.461426
0.515137
0.595703
0.710449
0.874023
1.0791
1.25244
1.27441
1.09619
0.861816
0.67627
0.546875
0.478516
0.446777
0.424805
0.419922
0.415039
0.405273
0.400391
0.397949
0.402832
0.395508
0.400391
0.397949
0.405273
0.407715
0.410156
0.424805
0.427246
0.439453
0.449219
0.461426
0.480957
0.50293
0.527344
0.57373
0.629883
0.708008
0.81543
0.961914
1.14258
1.35986
1.56982
1.59912
1.58691
1.60156
1.5918
1.53076
1.3208
1.12305
0.959473
0.834961
0.744629
0.666504
0.610352
0.57373
0.551758
0.527344
0.515137
0.507812
0.498047
0.488281
0.473633
0.463867
0.456543
0.446777
0.446777
0.437012
0.432129
0.429687
0.427246
0.424805
0.429687
0.424805
0.424805
0.422363
0.424805
0.424805
0.422363
0.424805
0.424805
0.432129
0.429687
0.427246
0.432129
0.429687
0.439453
0.437012
0.437012
0.439453
0.437012
0.437012
0.43457
0.437012
0.432129
0.429687
0.43457
0.429687
0.432129
0.432129
0.429687
0.437012
0.432129
0.427246
0.427246
0.427246
0.424805
0.424805
0.419922
0.415039
0.41748
0.41748
0.412598
0.407715
0.405273
0.397949
0.400391
0.402832
0.395508
0.400391
0.390625
0.390625
0.390625
0.390625
0.385742
0.388184
0.393066
0.388184
0.390625
0.395508
0.400391
0.397949
0.393066
0.393066
0.395508
0.393066
0.397949
0.393066
0.405273
0.405273
0.41748
0.424805
0.43457
0.446777
0.466309
0.500488
0.541992
0.588379
0.661621
0.771484
0.898437
1.03516
1.12549
1.15479
1.12549
1.03027
0.927734
0.808105
0.693359
0.60791
0.537109
0.493164
0.458984
0.424805
0.405273
0.393066
0.385742
0.371094
0.358887
0.356445
0.358887
0.354004
0.351562
0.34668
0.341797
0.341797
0.341797
0.336914
0.341797
0.344238
0.344238
0.344238
0.349121
0.354004
0.358887
0.371094
0.390625
0.432129
0.493164
0.568848
0.617676
0.59082
0.541992
0.48584
0.444336
0.400391
0.371094
0.361328
0.344238
0.334473
0.32959
0.327148
0.327148
0.327148
0.327148
0.32959
0.32959
0.327148
0.32959
0.332031
0.332031
0.341797
0.334473
0.341797
0.366211
0.400391
0.439453
0.458984
0.446777
0.405273
0.373535
0.349121
0.341797
0.332031
0.322266
0.314941
0.319824
0.3125
0.314941
0.317383
0.314941
0.3125
0.314941
0.319824
0.324707
0.32959
0.341797
0.368652
0.383301
0.378418
0.368652
0.354004
0.339355
0.319824
0.310059
0.307617
0.310059
0.314941
0.319824
0.317383
0.317383
0.319824
0.314941
0.324707
0.319824
0.324707
0.341797
0.34668
0.344238
0.332031
0.317383
0.307617
0.302734
0.302734
0.300293
0.302734
0.302734
0.297852
0.297852
0.297852
0.297852
0.297852
0.302734
0.305176
0.307617
0.307617
0.305176
0.297852
0.297852
0.29541
0.288086
0.292969
0.290527
0.290527
0.288086
0.292969
0.290527
0.288086
0.292969
0.29541
0.29541
0.290527
0.288086
0.283203
0.283203
0.27832
0.280762
0.283203
0.280762
0.273437
0.275879
0.270996
0.273437
0.273437
0.270996
0.270996
0.270996
0.26123
0.26123
0.258789
0.26123
0.26123
0.258789
0.256348
0.253906
0.251465
0.253906
0.249023
0.246582
0.239258
0.241699
0.239258
0.241699
0.236816
0.241699
0.234375
0.236816
0.231934
0.236816
0.236816
0.236816
0.231934
0.234375
0.231934
0.231934
0.234375
0.246582
0.236816
0.239258
0.239258
0.244141
0.246582
0.244141
0.241699
0.234375
0.236816
0.244141
0.244141
0.246582
0.246582
0.246582
0.244141
0.249023
0.244141
0.241699
0.234375
0.236816
0.236816
0.244141
0.246582
0.244141
0.241699
0.239258
0.244141
0.244141
0.236816
0.229492
0.229492
0.236816
0.234375
0.231934
0.229492
0.224609
0.227051
0.229492
0.229492
0.222168
0.224609
0.224609
0.227051
0.227051
0.224609
0.229492
0.229492
0.227051
0.231934
0.236816
0.227051
0.224609
0.229492
0.227051
0.231934
0.231934
0.231934
0.227051
0.229492
0.231934
0.227051
0.224609
0.227051
0.227051
0.231934
0.231934
0.234375
0.229492
0.236816
0.234375
0.227051
0.227051
0.227051
0.229492
0.229492
0.229492
0.229492
0.227051
0.231934
0.224609
0.227051
0.229492
0.227051
0.229492
0.227051
0.231934
0.224609
0.234375
0.227051
0.219727
0.227051
0.231934
0.227051
0.229492
0.229492
0.231934
0.236816
0.229492
0.222168
0.229492
0.227051
0.227051
0.229492
0.229492
0.229492
0.229492
0.219727
