0.227051
0.229492
0.227051
0.224609
0.224609
0.227051
0.227051
0.229492
0.229492
0.222168
0.231934
0.229492
0.224609
0.227051
0.234375
0.229492
0.224609
0.229492
0.229492
0.231934
0.227051
0.229492
0.229492
0.227051
0.229492
0.229492
0.229492
0.234375
0.229492
0.229492
0.227051
0.231934
0.234375
0.231934
0.227051
0.229492
0.229492
0.229492
0.231934
0.231934
0.229492
0.227051
0.231934
0.231934
0.234375
0.229492
0.229492
0.231934
0.229492
0.231934
0.231934
0.227051
0.231934
0.231934
0.229492
0.231934
0.231934
0.229492
0.229492
0.229492
0.231934
0.229492
0.231934
0.229492
0.231934
0.231934
0.231934
0.234375
0.231934
0.231934
0.224609
0.229492
0.231934
0.229492
0.229492
0.231934
0.234375
0.231934
0.229492
0.229492
0.231934
0.229492
0.227051
0.234375
0.234375
0.229492
0.231934
0.231934
0.310059
0.310059
0.302734
0.307617
0.3125
0.310059
0.3125
0.310059
0.307617
0.302734
0.297852
0.285645
0.27832
0.270996
0.266113
0.268555
0.266113
0.268555
0.266113
0.263672
0.26123
0.263672
0.263672
0.26123
0.26123
0.26123
0.26123
0.258789
0.258789
0.258789
0.256348
0.26123
0.26123
0.26123
0.256348
0.256348
0.253906
0.253906
0.256348
0.253906
0.251465
0.249023
0.258789
0.256348
0.249023
0.251465
0.251465
0.253906
0.249023
0.251465
0.246582
0.246582
0.253906
0.251465
0.249023
0.251465
0.256348
0.246582
0.253906
0.251465
0.249023
0.249023
0.253906
0.253906
0.256348
0.256348
0.253906
0.251465
0.253906
0.251465
0.258789
0.256348
0.256348
0.256348
0.256348
0.253906
0.253906
0.256348
0.253906
0.258789
0.256348
0.253906
0.253906
0.258789
0.253906
0.253906
0.26123
0.256348
0.253906
0.256348
0.256348
0.256348
0.253906
0.256348
0.256348
0.258789
0.256348
0.253906
0.253906
0.253906
0.253906
0.251465
0.251465
0.256348
0.258789
0.256348
0.253906
0.253906
0.256348
0.253906
0.249023
0.256348
0.256348
0.251465
0.253906
0.253906
0.253906
0.251465
0.253906
0.251465
0.251465
0.258789
0.251465
0.251465
0.253906
0.251465
0.253906
0.249023
0.253906
0.253906
0.253906
0.249023
0.249023
0.249023
0.249023
0.246582
0.244141
0.246582
0.246582
0.251465
0.249023
0.246582
0.249023
0.246582
0.246582
0.244141
0.246582
0.244141
0.244141
0.244141
0.244141
0.244141
0.246582
0.244141
0.236816
0.241699
0.241699
0.236816
0.249023
0.246582
0.244141
0.241699
0.241699
0.249023
0.244141
0.241699
0.246582
0.249023
0.246582
0.246582
0.244141
0.246582
0.249023
0.249023
0.249023
0.246582
0.249023
0.246582
0.244141
0.246582
0.244141
0.251465
0.244141
0.246582
0.249023
0.251465
0.249023
0.251465
0.251465
0.244141
0.246582
0.246582
0.251465
0.249023
0.249023
0.249023
0.246582
0.246582
0.246582
0.244141
0.249023
0.251465
0.246582
0.251465
0.249023
0.246582
0.246582
0.246582
0.251465
0.249023
0.251465
0.246582
0.249023
0.249023
0.246582
0.246582
0.246582
0.244141
0.246582
0.249023
0.246582
0.246582
0.249023
0.244141
0.246582
0.246582
0.249023
0.246582
0.249023
0.244141
0.239258
0.244141
0.241699
0.246582
0.244141
0.244141
0.241699
0.244141
0.241699
0.244141
0.239258
0.241699
0.244141
0.246582
0.236816
0.244141
0.241699
0.244141
0.246582
0.246582
0.249023
0.246582
0.246582
0.246582
0.246582
0.244141
0.241699
0.249023
0.244141
0.249023
0.249023
0.246582
0.241699
0.246582
0.241699
0.244141
0.246582
0.246582
0.251465
0.246582
0.249023
0.246582
0.246582
0.246582
0.244141
0.249023
0.246582
0.251465
0.246582
0.249023
0.241699
0.246582
0.244141
0.244141
0.249023
0.249023
0.251465
0.253906
0.251465
0.251465
0.246582
0.249023
0.249023
0.244141
0.246582
0.251465
0.251465
0.249023
0.249023
0.251465
0.246582
0.246582
0.249023
0.249023
0.249023
0.246582
0.249023
0.253906
0.251465
0.253906
0.244141
0.251465
0.249023
0.251465
0.253906
0.251465
0.246582
0.249023
0.246582
0.253906
0.253906
0.249023
0.256348
0.256348
0.258789
0.253906
0.256348
0.256348
0.256348
0.253906
0.253906
0.253906
0.253906
0.258789
0.258789
0.258789
0.258789
0.253906
0.251465
0.253906
0.258789
0.256348
0.258789
0.263672
0.266113
0.270996
0.273437
0.26123
0.26123
0.26123
0.26123
0.258789
0.253906
0.263672
0.263672
0.270996
0.273437
0.280762
0.27832
0.268555
0.268555
0.26123
0.256348
0.263672
0.268555
0.263672
0.263672
0.266113
0.273437
0.288086
0.292969
0.288086
0.270996
0.270996
0.270996
0.268555
0.268555
0.263672
0.270996
0.273437
0.275879
0.283203
0.290527
0.300293
0.29541
0.285645
0.275879
0.275879
0.275879
0.270996
0.283203
0.280762
0.280762
0.280762
0.285645
0.288086
0.310059
0.324707
0.332031
0.317383
0.290527
0.288086
0.288086
0.288086
0.285645
0.283203
0.288086
0.290527
0.292969
0.292969
0.29541
0.310059
0.319824
0.339355
0.34668
0.319824
0.300293
0.29541
0.29541
0.29541
0.297852
0.297852
0.307617
0.310059
0.305176
0.302734
0.302734
0.302734
0.314941
0.324707
0.34668
0.36377
0.349121
0.317383
0.307617
0.3125
0.307617
0.317383
0.322266
0.332031
0.339355
0.349121
0.336914
0.319824
0.3125
0.3125
0.3125
0.317383
0.324707
0.336914
0.354004
0.371094
0.354004
0.32959
0.319824
0.327148
0.327148
0.334473
0.349121
0.375977
0.402832
0.412598
0.405273
0.371094
0.34668
0.32959
0.324707
0.327148
0.324707
0.324707
0.32959
0.336914
0.34668
0.356445
0.36377
0.368652
0.356445
0.344238
0.349121
0.351562
0.371094
0.388184
0.422363
0.473633
0.537109
0.603027
0.627441
0.59082
0.507812
0.432129
0.395508
0.371094
0.358887
0.349121
0.34668
0.34668
0.344238
0.341797
0.341797
0.341797
0.34668
0.351562
0.358887
0.36377
0.371094
0.378418
0.380859
0.378418
0.378418
0.380859
0.388184
0.405273
0.429687
0.46875
0.510254
0.57373
0.65918
0.749512
0.834961
0.895996
0.927734
0.90332
0.812988
0.698242
0.593262
0.527344
0.483398
0.458984
0.441895
0.41748
0.407715
0.400391
0.393066
0.390625
0.380859
0.383301
0.378418
0.375977
0.371094
0.368652
0.373535
0.378418
0.366211
0.368652
0.368652
0.371094
0.366211
0.36377
0.368652
0.366211
0.368652
0.368652
0.366211
0.368652
0.373535
0.375977
0.375977
0.380859
0.383301
0.388184
0.393066
0.390625
0.390625
0.397949
0.402832
0.402832
0.407715
0.410156
0.415039
0.427246
0.422363
0.424805
0.429687
0.43457
0.427246
0.432129
0.43457
0.429687
0.432129
0.432129
0.432129
0.432129
0.429687
0.429687
0.424805
0.424805
0.41748
0.419922
0.422363
0.419922
0.415039
0.412598
0.412598
0.410156
0.410156
0.405273
0.402832
0.400391
0.393066
0.393066
0.393066
0.393066
0.393066
0.388184
0.390625
0.388184
0.383301
0.390625
0.380859
0.380859
0.378418
0.380859
0.375977
0.378418
0.378418
0.378418
0.371094
0.373535
0.368652
0.366211
0.36377
0.366211
0.366211
0.36377
0.36377
0.368652
0.368652
0.375977
0.368652
0.373535
0.375977
0.380859
0.385742
0.388184
0.390625
0.390625
0.397949
0.405273
0.422363
0.444336
0.473633
0.515137
0.576172
0.681152
0.822754
0.998535
1.16943
1.25
1.18164
1.04248
0.864258
0.720215
0.60791
0.534668
0.478516
0.441895
0.410156
0.388184
0.373535
0.368652
0.361328
0.354004
0.34668
0.344238
0.336914
0.339355
0.341797
0.336914
0.336914
0.341797
0.339355
0.351562
0.349121
0.356445
0.366211
0.371094
0.397949
0.424805
0.522461
0.742187
0.92041
0.915527
0.766602
0.615234
0.507812
0.437012
0.397949
0.373535
0.358887
0.339355
0.334473
0.327148
0.319824
0.317383
0.317383
0.322266
0.324707
0.324707
0.327148
0.327148
0.32959
0.334473
0.339355
0.356445
0.43457
0.512695
0.522461
0.473633
0.410156
0.368652
0.349121
0.332031
0.324707
0.3125
0.314941
0.3125
0.3125
0.307617
0.305176
0.305176
0.307617
0.300293
0.305176
0.310059
0.319824
0.356445
0.400391
0.410156
0.378418
0.354004
0.341797
0.32959
0.317383
0.305176
0.310059
0.310059
0.314941
0.314941
0.314941
0.310059
0.314941
0.317383
0.314941
0.327148
0.341797
0.34668
0.32959
0.317383
0.3125
0.302734
0.29541
0.292969
0.29541
0.290527
0.290527
0.29541
0.292969
0.292969
0.29541
0.29541
0.302734
0.305176
0.300293
0.292969
0.292969
0.290527
0.283203
0.283203
0.280762
0.285645
0.283203
0.280762
0.283203
0.283203
0.285645
0.283203
0.288086
0.283203
0.27832
0.283203
0.280762
0.275879
0.273437
0.273437
0.263672
0.273437
0.268555
0.268555
0.266113
0.268555
0.270996
0.268555
0.263672
0.263672
0.26123
0.258789
0.256348
0.256348
0.251465
0.256348
0.256348
0.249023
0.246582
0.249023
0.239258
0.241699
0.251465
0.239258
0.236816
0.241699
0.239258
0.244141
0.244141
0.241699
0.241699
0.241699
0.239258
0.239258
0.241699
0.244141
0.241699
0.244141
0.244141
0.251465
0.251465
0.256348
0.253906
0.263672
0.26123
0.27832
0.273437
0.246582
0.249023
0.263672
0.266113
0.270996
0.270996
0.270996
0.268555
0.270996
0.263672
0.256348
0.246582
0.239258
0.241699
0.241699
0.239258
0.239258
0.239258
0.236816
0.234375
0.234375
0.241699
0.236816
0.234375
0.231934
0.236816
0.234375
0.234375
0.234375
0.231934
0.231934
0.231934
0.229492
0.229492
0.231934
0.231934
0.231934
0.229492
0.231934
0.231934
0.227051
0.222168
0.229492
0.231934
0.229492
0.227051
0.227051
0.227051
0.229492
0.231934
0.231934
0.234375
0.231934
0.231934
0.227051
0.229492
0.229492
0.229492
0.227051
0.234375
0.229492
0.224609
0.227051
0.229492
0.231934
0.227051
0.227051
0.227051
0.234375
0.231934
0.229492
0.229492
0.224609
0.229492
0.227051
0.229492
0.229492
0.234375
0.227051
0.227051
0.229492
0.229492
0.227051
0.224609
0.227051
0.227051
0.229492
0.224609
0.234375
0.227051
0.229492
0.227051
0.227051
0.229492
0.227051
0.231934
0.229492
0.229492
0.229492
0.224609
0.222168
0.229492
0.229492
0.227051
0.227051
